1111111111111111111111111
1111111111111111111111111
1111111111110011111111111
1111111111000001111111111
1111111100000001111111111
1111110000000000111111111
1111100000000000111111111
1111100000000000111111111
1111100000000000011111111
1111100000011100011111111
1111111100011110001011111
1111111111001000000011111
1111111111000000000011111
1111110011000000000011111
1111110001000000000011111
1111110001000000001111111
1111111001100000001111111
1111111000000000001111111
1111111100111100001111111
1111111110110000001111111
1111111110100000001111111
1111111111000000001111111
1111111000100000001111111
1111111010010000001011111
1111111000000000001011111
1111111000000000001011111
1111111000000000001011111
1111111000000000001001111
1111111000000000001001111
1111111100000000000001111
1111111100000000000111111
1111111100000000000111111
1111111100100000000111111
1111111101110000000111111
1111111111110000001111111
1111111111111000001111111
1111111111111000001111111